9596007653
9596017653
9596027653
9596037653
9596047653
9596057653
9596067653
9596077653
9596087653
9596097653
9622007653
9622017653
9622027653
9622037653
9622047653
9622057653
9622067653
9622077653
9622087653
9622097653
9797007653
9797017653
9797027653
9797037653
9797047653
9797057653
9797067653
9797077653
9797087653
9797097653
9906007653
9906017653
9906027653
9906037653
9906047653
9906057653
9906067653
9906077653
9906087653
9906097653
9596107653
9596117653
9596127653
9596137653
9596147653
9596157653
9596167653
9596177653
9596187653
9596197653
9622107653
9622117653
9622127653
9622137653
9622147653
9622157653
9622167653
9622177653
9622187653
9622197653
9797107653
9797117653
9797127653
9797137653
9797147653
9797157653
9797167653
9797177653
9797187653
9797197653
9906107653
9906117653
9906127653
9906137653
9906147653
9906157653
9906167653
9906177653
9906187653
9906197653
9596207653
9596217653
9596227653
9596237653
9596247653
9596257653
9596267653
9596277653
9596287653
9596297653
9622207653
9622217653
9622227653
9622237653
9622247653
9622257653
9622267653
9622277653
9622287653
9622297653
9797207653
9797217653
9797227653
9797237653
9797247653
9797257653
9797267653
9797277653
9797287653
9797297653
9906207653
9906217653
9906227653
9906237653
9906247653
9906257653
9906267653
9906277653
9906287653
9906297653
9596307653
9596317653
9596327653
9596337653
9596347653
9596357653
9596367653
9596377653
9596387653
9596397653
9622307653
9622317653
9622327653
9622337653
9622347653
9622357653
9622367653
9622377653
9622387653
9622397653
9797307653
9797317653
9797327653
9797337653
9797347653
9797357653
9797367653
9797377653
9797387653
9797397653
9906307653
9906317653
9906327653
9906337653
9906347653
9906357653
9906367653
9906377653
9906387653
9906397653
9596407653
9596417653
9596427653
9596437653
9596447653
9596457653
9596467653
9596477653
9596487653
9596497653
9622407653
9622417653
9622427653
9622437653
9622447653
9622457653
9622467653
9622477653
9622487653
9622497653
9797407653
9797417653
9797427653
9797437653
9797447653
9797457653
9797467653
9797477653
9797487653
9797497653
9906407653
9906417653
9906427653
9906437653
9906447653
9906457653
9906467653
9906477653
9906487653
9906497653
9596507653
9596517653
9596527653
9596537653
9596547653
9596557653
9596567653
9596577653
9596587653
9596597653
9622507653
9622517653
9622527653
9622537653
9622547653
9622557653
9622567653
9622577653
9622587653
9622597653
9797507653
9797517653
9797527653
9797537653
9797547653
9797557653
9797567653
9797577653
9797587653
9797597653
9906507653
9906517653
9906527653
9906537653
9906547653
9906557653
9906567653
9906577653
9906587653
9906597653
9596607653
9596617653
9596627653
9596637653
9596647653
9596657653
9596667653
9596677653
9596687653
9596697653
9622607653
9622617653
9622627653
9622637653
9622647653
9622657653
9622667653
9622677653
9622687653
9622697653
9797607653
9797617653
9797627653
9797637653
9797647653
9797657653
9797667653
9797677653
9797687653
9797697653
9906607653
9906617653
9906627653
9906637653
9906647653
9906657653
9906667653
9906677653
9906687653
9906697653
9596707653
9596717653
9596727653
9596737653
9596747653
9596757653
9596767653
9596777653
9596787653
9596797653
9622707653
9622717653
9622727653
9622737653
9622747653
9622757653
9622767653
9622777653
9622787653
9622797653
9797707653
9797717653
9797727653
9797737653
9797747653
9797757653
9797767653
9797777653
9797787653
9797797653
9906707653
9906717653
9906727653
9906737653
9906747653
9906757653
9906767653
9906777653
9906787653
9906797653
9596807653
9596817653
9596827653
9596837653
9596847653
9596857653
9596867653
9596877653
9596887653
9596897653
9622807653
9622817653
9622827653
9622837653
9622847653
9622857653
9622867653
9622877653
9622887653
9622897653
9797807653
9797817653
9797827653
9797837653
9797847653
9797857653
9797867653
9797877653
9797887653
9797897653
9906807653
9906817653
9906827653
9906837653
9906847653
9906857653
9906867653
9906877653
9906887653
9906897653
9596907653
9596917653
9596927653
9596937653
9596947653
9596957653
9596967653
9596977653
9596987653
9596997653
9622907653
9622917653
9622927653
9622937653
9622947653
9622957653
9622967653
9622977653
9622987653
9622997653
9797907653
9797917653
9797927653
9797937653
9797947653
9797957653
9797967653
9797977653
9797987653
9797997653
9906907653
9906917653
9906927653
9906937653
9906947653
9906957653
9906967653
9906977653
9906987653
9906997653
8491007653
8491017653
8491027653
8491037653
8491047653
8491057653
8491067653
8491077653
8491087653
8491097653
8492007653
8492017653
8492027653
8492037653
8492047653
8492057653
8492067653
8492077653
8492087653
8492097653
8493007653
8493017653
8493027653
8493037653
8493047653
8493057653
8493067653
8493077653
8493087653
8493097653
8494007653
8494017653
8494027653
8494037653
8494047653
8494057653
8494067653
8494077653
8494087653
8494097653
8491807653
8491817653
8491827653
8491837653
8491847653
8491857653
8491867653
8491877653
8491887653
8491897653
8492807653
8492817653
8492827653
8492837653
8492847653
8492857653
8492867653
8492877653
8492887653
8492897653
8493807653
8493817653
8493827653
8493837653
8493847653
8493857653
8493867653
8493877653
8493887653
8493897653
8491907653
8491917653
8491927653
8491937653
8491947653
8491957653
8491967653
8491977653
8491987653
8491997653
8492907653
8492917653
8492927653
8492937653
8492947653
8492957653
8492967653
8492977653
8492987653
8492997653
8493907653
8493917653
8493927653
8493937653
8493947653
8493957653
8493967653
8493977653
8493987653
8493997653
